
import type { CustomThemeConfig } from '@skeletonlabs/tw-plugin';

export const chit_theme: CustomThemeConfig = {
    name: 'chit_theme',
    properties: {
        // =~= Theme Properties =~=
        "--theme-font-family-base": `system-ui`,
        "--theme-font-family-heading": `system-ui`,
        "--theme-font-color-base": "0 0 0",
        "--theme-font-color-dark": "255 255 255",
        "--theme-rounded-base": "6px",
        "--theme-rounded-container": "6px",
        "--theme-border-base": "1px",
        // =~= Theme On-X Colors =~=
        "--on-primary": "0 0 0",
        "--on-secondary": "0 0 0",
        "--on-tertiary": "0 0 0",
        "--on-success": "0 0 0",
        "--on-warning": "255 255 255",
        "--on-error": "255 255 255",
        "--on-surface": "255 255 255",
        // =~= Theme Colors  =~=
        // primary | #ffbb00
        "--color-primary-50": "255 245 217", // #fff5d9
        "--color-primary-100": "255 241 204", // #fff1cc
        "--color-primary-200": "255 238 191", // #ffeebf
        "--color-primary-300": "255 228 153", // #ffe499
        "--color-primary-400": "255 207 77", // #ffcf4d
        "--color-primary-500": "255 187 0", // #ffbb00
        "--color-primary-600": "230 168 0", // #e6a800
        "--color-primary-700": "191 140 0", // #bf8c00
        "--color-primary-800": "153 112 0", // #997000
        "--color-primary-900": "125 92 0", // #7d5c00
        // secondary | #00bbff
        "--color-secondary-50": "217 245 255", // #d9f5ff
        "--color-secondary-100": "204 241 255", // #ccf1ff
        "--color-secondary-200": "191 238 255", // #bfeeff
        "--color-secondary-300": "153 228 255", // #99e4ff
        "--color-secondary-400": "77 207 255", // #4dcfff
        "--color-secondary-500": "0 187 255", // #00bbff
        "--color-secondary-600": "0 168 230", // #00a8e6
        "--color-secondary-700": "0 140 191", // #008cbf
        "--color-secondary-800": "0 112 153", // #007099
        "--color-secondary-900": "0 92 125", // #005c7d
        // tertiary | #00ffbb
        "--color-tertiary-50": "217 255 245", // #d9fff5
        "--color-tertiary-100": "204 255 241", // #ccfff1
        "--color-tertiary-200": "191 255 238", // #bfffee
        "--color-tertiary-300": "153 255 228", // #99ffe4
        "--color-tertiary-400": "77 255 207", // #4dffcf
        "--color-tertiary-500": "0 255 187", // #00ffbb
        "--color-tertiary-600": "0 230 168", // #00e6a8
        "--color-tertiary-700": "0 191 140", // #00bf8c
        "--color-tertiary-800": "0 153 112", // #009970
        "--color-tertiary-900": "0 125 92", // #007d5c
        // success | #00aa00
        "--color-success-50": "217 242 217", // #d9f2d9
        "--color-success-100": "204 238 204", // #cceecc
        "--color-success-200": "191 234 191", // #bfeabf
        "--color-success-300": "153 221 153", // #99dd99
        "--color-success-400": "77 196 77", // #4dc44d
        "--color-success-500": "0 170 0", // #00aa00
        "--color-success-600": "0 153 0", // #009900
        "--color-success-700": "0 128 0", // #008000
        "--color-success-800": "0 102 0", // #006600
        "--color-success-900": "0 83 0", // #005300
        // warning | #aa00ff
        "--color-warning-50": "242 217 255", // #f2d9ff
        "--color-warning-100": "238 204 255", // #eeccff
        "--color-warning-200": "234 191 255", // #eabfff
        "--color-warning-300": "221 153 255", // #dd99ff
        "--color-warning-400": "196 77 255", // #c44dff
        "--color-warning-500": "170 0 255", // #aa00ff
        "--color-warning-600": "153 0 230", // #9900e6
        "--color-warning-700": "128 0 191", // #8000bf
        "--color-warning-800": "102 0 153", // #660099
        "--color-warning-900": "83 0 125", // #53007d
        // error | #aa0000
        "--color-error-50": "242 217 217", // #f2d9d9
        "--color-error-100": "238 204 204", // #eecccc
        "--color-error-200": "234 191 191", // #eabfbf
        "--color-error-300": "221 153 153", // #dd9999
        "--color-error-400": "196 77 77", // #c44d4d
        "--color-error-500": "170 0 0", // #aa0000
        "--color-error-600": "153 0 0", // #990000
        "--color-error-700": "128 0 0", // #800000
        "--color-error-800": "102 0 0", // #660000
        "--color-error-900": "83 0 0", // #530000
        // surface | #333333
        "--color-surface-50": "224 224 224", // #e0e0e0
        "--color-surface-100": "214 214 214", // #d6d6d6
        "--color-surface-200": "204 204 204", // #cccccc
        "--color-surface-300": "173 173 173", // #adadad
        "--color-surface-400": "112 112 112", // #707070
        "--color-surface-500": "51 51 51", // #333333
        "--color-surface-600": "46 46 46", // #2e2e2e
        "--color-surface-700": "38 38 38", // #262626
        "--color-surface-800": "31 31 31", // #1f1f1f
        "--color-surface-900": "25 25 25", // #191919

    }
}